45 00 00 3C 12 34 00 00 80 06 00 00 C0 A8 01 01 C0 A8 01 02 08 00 12 34 00 00 00 00 00 00 00 00 00 00
45 00 00 3C 56 78 00 00 40 11 00 00 C0 A8 01 01 C0 A8 02 01 08 00 56 78 00 00 00 00 00 00 00 00 00 00
45 00 00 3C 9A BC 00 00 20 06 00 00 C0 A8 01 01 C0 A8 03 04 08 00 9A BC 00 00 00 00 00 00 00 00 00 00
45 00 00 3C DE F0 00 00 60 11 00 00 C0 A8 01 01 C0 A8 04 05 08 00 DE F0 00 00 00 00 00 00 00 00 00 00
45 00 00 3C 13 57 00 00 A0 06 00 00 C0 A8 01 01 C0 A8 05 06 08 00 13 57 00 00 00 00 00 00 00 00 00 00
45 00 00 3C 24 68 00 00 C0 06 00 00 C0 A8 01 01 C0 A8 01 02 08 00 24 68 00 00 00 00 00 00 00 00 00 00
45 00 00 3C 35 79 00 00 E0 11 00 00 C0 A8 01 01 C0 A8 02 01 08 00 35 79 00 00 00 00 00 00 00 00 00 00
45 00 00 3C 46 8A 00 00 10 06 00 00 C0 A8 01 01 C0 A8 03 04 08 00 46 8A 00 00 00 00 00 00 00 00 00 00
45 00 00 3C 57 9B 00 00 30 11 00 00 C0 A8 01 01 C0 A8 04 05 08 00 57 9B 00 00 00 00 00 00 00 00 00 00
45 00 00 3C 68 AC 00 00 50 06 00 00 C0 A8 01 01 C0 A8 05 06 08 00 68 AC 00 00 00 00 00 00 00 00 00 00
45 00 00 3C 79 BD 00 00 70 06 00 00 C0 A8 01 01 C0 A8 01 02 08 00 79 BD 00 00 00 00 00 00 00 00 00 00
45 00 00 3C 8A CE 00 00 90 11 00 00 C0 A8 01 01 C0 A8 02 01 08 00 8A CE 00 00 00 00 00 00 00 00 00 00
45 00 00 3C 9B DF 00 00 B0 06 00 00 C0 A8 01 01 C0 A8 03 04 08 00 9B DF 00 00 00 00 00 00 00 00 00 00
45 00 00 3C AC E0 00 00 D0 11 00 00 C0 A8 01 01 C0 A8 05 06 08 00 AC E0 00 00 00 00 00 00 00 00 00 00
45 00 00 3C BD F1 00 00 F0 06 00 00 C0 A8 01 01 C0 A8 01 02 08 00 BD F1 00 00 00 00 00 00 00 00 00 00
45 00 00 3C CE 02 00 00 20 11 00 00 C0 A8 01 01 C0 A8 02 01 08 00 CE 02 00 00 00 00 00 00 00 00 00 00
45 00 00 3C DF 13 00 00 40 06 00 00 C0 A8 01 01 C0 A8 03 04 08 00 DF 13 00 00 00 00 00 00 00 00 00 00
45 00 00 3C E0 24 00 00 60 11 00 00 C0 A8 01 01 C0 A8 04 05 08 00 E0 24 00 00 00 00 00 00 00 00 00 00
45 00 00 3C F1 35 00 00 80 06 00 00 C0 A8 01 01 C0 A8 01 02 08 00 F1 35 00 00 00 00 00 00 00 00 00 00
45 00 00 3C 02 46 00 00 A0 11 00 00 C0 A8 01 01 C0 A8 05 06 08 00 02 46 00 00 00 00 00 00 00 00 00 00